0.00060272216796875
0.10707998275756836
0.17620182037353516
0.2453780174255371
0.3068537712097168
0.36836671829223633
0.43001389503479004
0.4991638660430908
0.5606398582458496
0.6299409866333008
0.6991078853607178
0.768298864364624
0.8375487327575684
0.906829833984375
0.9759547710418701
1.0375590324401855
1.1067578792572021
1.1761178970336914
1.2451269626617432
1.322092056274414
1.3913037776947021
1.4604768753051758
1.5450718402862549
1.6296229362487793
1.7067198753356934
1.7912218570709229
1.8834538459777832
1.9604928493499756
2.037299871444702
2.1295690536499023
2.1997218132019043
2.2689437866210938
2.3307108879089355
2.3922698497772217
2.4536819458007812
2.5150349140167236
2.5919859409332275
2.661282777786255
2.7237448692321777
2.785273790359497
2.846798896789551
2.9393038749694824
3.0313448905944824
3.1008098125457764
3.177708625793457
3.246809720993042
3.316016912460327
3.3851938247680664
3.4927890300750732
3.5620148181915283
3.631302833557129
3.7006237506866455
3.7621188163757324
3.823725700378418
3.8853068351745605
3.954442024230957
4.0237038135528564
4.092823028564453
4.154530048370361
4.215900897979736
4.285123825073242
4.3544158935546875
4.423492908477783
4.492810964584351
4.563019037246704
4.632359981536865
4.701290845870972
4.762851715087891
4.824352979660034
4.885897874832153
4.947553873062134
5.00911283493042
5.070669651031494
5.13210391998291
5.1936047077178955
5.255192756652832
5.31679368019104
5.378221750259399
5.4395997524261475
5.508993864059448
5.5781409740448
5.63972282409668
5.7013020515441895
5.770380973815918
5.8397057056427
5.90131402015686
5.9627320766448975
6.024322748184204
6.085877895355225
6.15501594543457
6.2242748737335205
6.293411731719971
6.362661838531494
6.431895017623901
6.501179933547974
6.570489883422852
6.639627933502197
6.724370956420898
6.808975696563721
6.885715961456299
6.962602853775024
7.039539813995361
7.131842851638794
7.208720922470093
7.2867817878723145
7.35591983795166
7.417460918426514
7.4790778160095215
7.548223972320557
7.625075817108154
7.709697961807251
7.794366836547852
7.8713178634643555
7.948188781738281
8.017308950424194
8.094197988510132
8.178842782974243
8.25569200515747
8.325010776519775
8.394244909286499
8.463538885116577
8.532731771469116
8.60189700126648
8.671192646026611
8.740327835083008
8.809531927108765
8.88644289970398
8.955873012542725
9.017257928848267
9.078805923461914
9.147962808609009
9.217357873916626
9.286557912826538
9.355718851089478
9.424789905548096
9.494014978408813
9.563158988952637
9.632434844970703
9.701671838760376
9.770940780639648
9.847799062728882
9.92476487159729
9.99393105506897
10.063169002532959
10.132406949996948
10.201672792434692
10.270927906036377
10.340096950531006
10.409281015396118
10.47855281829834
10.547745943069458
10.616919755935669
10.68616771697998
10.75566577911377
10.824766874313354
10.893956899642944
10.963181734085083
11.032397031784058
11.101550817489624
11.170745849609375
11.24001693725586
11.316926956176758
11.386167764663696
11.447795867919922
11.516953706741333
11.58610486984253
11.655308961868286
11.732163667678833
11.80143690109253
11.870781898498535
11.939867734909058
12.009166717529297
12.078601837158203
12.14757490158081
12.216900825500488
12.286098957061768
12.34756875038147
12.416765928268433
12.48601484298706
12.555173873901367
12.639800786972046
12.709012985229492
12.778319835662842
12.847486972808838
12.916761875152588
12.98589277267456
13.055311918258667
13.124334812164307
13.193641901016235
13.2705237865448
13.34742784500122
13.43201470375061
13.52429485321045
13.601253747940063
13.67043685913086
13.732164859771729
13.801252841949463
13.870404720306396
13.939575672149658
14.00888967514038
14.07804799079895
14.147298097610474
14.208749771118164
14.270417928695679
14.332038879394531
14.401169776916504
14.470364809036255
14.539634943008423
14.601123809814453
14.662532806396484
14.73201584815979
14.801072835922241
14.870390892028809
14.939592838287354
15.000978946685791
15.062601804733276
15.124186754226685
15.185604810714722
15.247071981430054
15.308858871459961
15.37038278579712
15.439517974853516
15.508672952651978
15.577839851379395
15.647194862365723
15.716336727142334
15.778036832809448
15.839430809020996
15.901082754135132
15.962638854980469
16.024008989334106
16.08567190170288
16.14723300933838
16.20881986618042
16.270265817642212
16.33182692527771
16.39331293106079
16.454747915267944
16.539466857910156
16.62395477294922
16.70093274116516
16.770102977752686
16.84700894355774
16.916239738464355
16.993002891540527
17.06334900856018
17.14021396636963
17.217171907424927
17.295084714889526
17.37199592590332
17.44886088371277
17.53353190422058
17.610515832901
17.718021869659424
17.794924020767212
17.856451749801636
17.918015003204346
17.979684829711914
18.048656940460205
18.117905855178833
18.179457902908325
18.240975856781006
18.30247688293457
18.364151000976562
18.42578363418579
18.49494194984436
18.564103841781616
18.633399724960327
18.70258092880249
18.771841049194336
18.841055870056152
18.902613878250122
18.96412992477417
19.025758981704712
19.087278842926025
19.1488037109375
19.210192918777466
19.271883964538574
19.333367824554443
19.4025719165802
19.47181797027588
19.541019916534424
19.61024284362793
19.679494857788086
19.748727798461914
19.81795883178711
19.8796169757843
19.940953731536865
20.00253176689148
20.07189178466797
20.141057014465332
20.210197925567627
20.279610872268677
20.348721742630005
20.417807817459106
20.487186908721924
20.55643582344055
20.625603675842285
20.694652795791626
20.75627589225769
20.817698001861572
20.879338026046753
20.941057920455933
21.0102436542511
21.079392910003662
21.148574829101562
21.217941999435425
21.287139654159546
21.356215715408325
21.425451040267944
21.49477505683899
21.564082860946655
21.633100032806396
21.702457904815674
21.771671056747437
21.840832948684692
21.91000485420227
21.979161739349365
22.040872812271118
22.102394819259644
22.171544790267944
22.240839958190918
22.3099148273468
22.37912082672119
22.448490858078003
22.517743825912476
22.586628913879395
22.64818000793457
22.709815740585327
22.779047966003418
22.848214864730835
22.909810781478882
22.971117734909058
23.040445804595947
23.109562873840332
23.171191692352295
23.232882976531982
23.30199670791626
23.37123680114746
23.440409898757935
23.50974678993225
23.578985929489136
23.648295879364014
23.717474699020386
23.78673481941223
23.85595703125
23.924975872039795
23.99434185028076
24.06356978416443
24.13254189491272
24.194239854812622
24.25568199157715
24.317214965820312
24.37877082824707
24.448070764541626
24.517401695251465
24.58654284477234
24.655616998672485
24.72494101524353
24.794116735458374
24.855530977249146
24.917138814926147
24.98638677597046
25.048067808151245
25.109636783599854
25.178772926330566
25.24799370765686
25.317232847213745
25.386424779891968
25.455541849136353
25.52481985092163
25.594043731689453
25.66343879699707
25.732714891433716
25.801844835281372
25.871153831481934
25.94014883041382
26.009488821029663
26.07883906364441
26.147891998291016
26.217219829559326
26.28650975227356
26.35561490058899
26.424722909927368
26.48626470565796
26.54777479171753
26.617033004760742
26.686378955841064
26.755502700805664
26.824671983718872
26.893922805786133
26.955488920211792
27.016972064971924
27.08628487586975
27.155436038970947
27.22466206550598
27.294052839279175
27.363297939300537
27.432514667510986
27.501800775527954
27.57103681564331
27.639991760253906
27.70161199569702
27.763093948364258
27.824810028076172
27.886338710784912
27.947922945022583
28.009214878082275
28.070955991744995
28.132493019104004
28.19378089904785
28.25542664527893
28.317051887512207
28.386148691177368
28.455312728881836
28.52468776702881
28.593793869018555
28.66322374343872
28.73249101638794
28.801578998565674
28.870908975601196
28.940150022506714
29.009215831756592
29.078423023223877
29.147637844085693
29.21709370613098
29.286234855651855
29.3552508354187
29.424524068832397
29.49378776550293
29.562936782836914
29.63219976425171
29.701551914215088
29.770620822906494
29.839927673339844
29.9092378616333
29.978455781936646
30.04752779006958
30.116729736328125
30.186094760894775
30.255178928375244
30.32454490661621
30.39357280731201
30.462965965270996
30.532014846801758
30.601252794265747
30.67052173614502
30.739691019058228
30.801318883895874
30.87053370475769
30.93215584754944
31.001402854919434
31.070385932922363
31.139827966690063
31.20897364616394
31.279115915298462
31.348466873168945
31.417733907699585
31.486809730529785
31.55609703063965
31.625375986099243
31.69444990158081
31.763598680496216
31.832918882369995
31.90210485458374
31.96365475654602
32.032856702804565
32.10202074050903
32.171475887298584
32.2406747341156
32.3097939491272
32.3790819644928
32.44832897186279
32.517390727996826
32.586732625961304
32.65585684776306
32.724979877471924
32.78666377067566
32.84801888465881
32.90966773033142
32.971258878707886
33.040531873703
33.109508752822876
33.17112493515015
33.2327606678009
33.3018639087677
33.37117576599121
33.44044589996338
33.50959277153015
33.57874584197998
33.64810395240784
33.71735978126526
33.78646779060364
33.8556227684021
33.9247407913208
33.99399781227112
34.0555157661438
34.124685764312744
34.186381101608276
34.255547761917114
34.31699895858765
34.3787899017334
34.440104961395264
34.509397983551025
34.57851481437683
34.64784002304077
34.71708798408508
34.78624677658081
34.855631828308105
34.92467403411865
34.986339807510376
35.047677993774414
35.11697196960449
35.18633985519409
35.255512714385986
35.32477903366089
35.393797874450684
35.45536684989929
35.51680278778076
35.586050033569336
35.65533685684204
35.724634885787964
35.79383087158203
35.862982749938965
35.932379722595215
36.00147080421448
36.07068586349487
36.139967918395996
36.209144830703735
36.27075982093811
36.3321967124939
36.393669843673706
36.455179929733276
36.51686096191406
36.57844400405884
36.64754676818848
36.71666669845581
36.78600883483887
36.84755992889404
36.90892171859741
36.970669746398926
37.03220772743225
37.10131096839905
37.17048192024231
37.23969793319702
37.30911993980408
37.37834692001343
37.44742488861084
37.5166289806366
37.58603286743164
37.65506982803345
37.72425866127014
37.78572177886963
37.84732270240784
37.91656970977783
37.98585867881775
38.05509877204895
38.124167919158936
38.19351601600647
38.26245403289795
38.32402586936951
38.38552784919739
38.44716691970825
38.51654887199402
38.58566975593567
38.65487575531006
38.72404670715332
38.79334092140198
38.86254000663757
38.932883977890015
39.00188589096069
39.071279764175415
39.14041185379028
39.209545850753784
39.27880501747131
39.34906601905823
39.418349742889404
39.487536907196045
39.5566828250885
39.62591004371643
39.69519376754761
39.76449370384216
39.83369493484497
39.90300893783569
39.97235298156738
40.04139685630798
40.110636711120605
40.179879903793335
40.24905967712402
40.31827187538147
40.387681007385254
40.456695795059204
40.52592086791992
40.595284938812256
40.695053815841675
40.764333724975586
40.833632946014404
40.89516067504883
40.956586837768555
41.02570295333862
41.087220907211304
41.156471729278564
41.217962980270386
41.279449701309204
41.34098482131958
41.40259671211243
41.464093923568726
41.53333401679993
41.60257577896118
41.66408395767212
41.72559380531311
41.795100927352905
41.85641288757324
41.917932748794556
41.97944784164429
42.04094696044922
42.11019802093506
42.171692848205566
42.2332718372345
42.294803857803345
42.35632371902466
42.4178569316864
42.479410886764526
42.540940046310425
42.610182762145996
42.67164993286133
42.73322582244873
42.794747829437256
42.8563289642334
42.91784596443176
42.98703575134277
43.048583984375
43.110095739364624
43.17160606384277
43.233176708221436
43.29469895362854
43.36401891708374
43.42545986175537
43.487024784088135
43.54856085777283
43.61776280403137
43.68702697753906
43.74849581718445
43.81008195877075
43.871601819992065
43.94081473350525
44.00232696533203
44.07162070274353
44.1408109664917
44.20231294631958
44.2638578414917
44.32541370391846
44.3869366645813
44.4484589099884
44.51004886627197
44.579264879226685
44.64073872566223
44.70999193191528
44.77156186103821
44.83303880691528
44.894556760787964
44.95616388320923
45.01765775680542
45.07917594909668
45.140689849853516
45.20226788520813
45.26380896568298
45.32536292076111
45.38684892654419
45.4560809135437
45.51763892173767
45.5791437625885
45.640697717666626
45.70219087600708
45.763707876205444
45.832947969436646
45.89454483985901
45.956032037734985
46.0175678730011
46.08681392669678
46.156041860580444
46.217567920684814
46.27912092208862
46.34832000732422
46.409878969192505
46.47140574455261
46.53294897079468
46.5944550037384
46.66371393203735
46.725228786468506
46.78674674034119
46.856003761291504
46.91845679283142
46.98775601387024
47.04923391342163
47.118454933166504
47.187694787979126
47.256977796554565
47.326191902160645
47.38775300979614
47.44927382469177
47.51949882507324
47.588740825653076
47.657914876937866
47.72714877128601
47.788649797439575
47.85020065307617
47.911693811416626
47.97322392463684
48.04241371154785
48.111655950546265
48.18088173866272
48.250099897384644
48.311622858047485
48.37318396568298
48.434690713882446
48.49623489379883
48.55774164199829
48.619271755218506
48.688456773757935
48.75771689414978
48.81922888755798
48.88847780227661
48.94999599456787
49.01161789894104
49.080759048461914
49.150073766708374
49.21153998374939
49.27307486534119
49.342286825180054
49.40381073951721
49.473031759262085
49.534605741500854
49.60380792617798
49.665313959121704
49.72686266899109
49.78840970993042
49.857686042785645
49.92688775062561
49.99609875679016
50.05759572982788
50.11912775039673
50.18064284324646
50.24217700958252
50.30374503135681
50.37289881706238
50.43445682525635
50.503700971603394
50.57290697097778
50.634458780288696
50.69598984718323
50.75754189491272
50.819092988967896
50.888362884521484
50.950865745544434
51.02008390426636
51.08160591125488
51.15086388587952
51.22010588645935
51.2816047668457
51.343181848526
51.40469288825989
51.466240882873535
51.527734994888306
51.597017765045166
51.65855574607849
51.72776174545288
51.78931784629822
51.85866189002991
51.9277560710907
51.997018814086914
52.05850172042847
52.12007689476013
52.18159580230713
52.258545875549316
52.320037841796875
52.38925385475159
52.45080280303955
52.512316942214966
52.58155703544617
52.643080949783325
52.712315797805786
52.77385878562927
52.83542609214783
52.896899700164795
52.958455085754395
53.02771186828613
53.096911907196045
53.1584587097168
53.227704763412476
53.296897888183594
53.35845994949341
53.427700996398926
53.489253759384155
53.55847191810608
53.6200008392334
53.681504011154175
53.75071167945862
53.81228065490723
53.873801946640015
53.942988872528076
54.01222777366638
54.08147668838501
54.14301371574402
54.204516887664795
54.266042709350586
54.335272789001465
54.404500007629395
54.4660370349884
54.535244941711426
54.59680891036987
54.65831971168518
54.727566719055176
54.78908181190491
54.850602865219116
54.9121367931366
54.97368383407593
55.03522300720215
55.1044716835022
55.1736478805542
55.24286699295044
55.3120858669281
55.381274700164795
55.45054268836975
55.51974081993103
55.58132195472717
55.642860651016235
55.71210289001465
55.77360272407532
55.84285593032837
55.904422760009766
55.97359800338745
56.04280495643616
56.11208176612854
56.18132495880127
56.25055003166199
56.31983780860901
56.38899302482605
56.45054888725281
56.51207709312439
56.57358384132385
56.642817974090576
56.71200203895569
56.773539781570435
56.84280705451965
56.91200590133667
56.981218099594116
57.042738914489746
57.10431885719299
57.17350769042969
57.23512077331543
57.30432486534119
57.365800857543945
57.43505096435547
57.50431680679321
57.56580996513367
57.63506293296814
57.69660186767578
57.758163928985596
57.819700956344604
57.88897085189819
57.95814776420593
58.02736473083496
58.096553802490234
58.158127784729004
58.22737264633179
58.296605825424194
58.35812568664551
58.42738103866577
58.496601819992065
58.56584978103638
58.63510084152222
58.70431900024414
58.773523807525635
58.85045289993286
58.919692039489746
58.98123288154602
59.042738914489746
59.112032890319824
59.18122863769531
59.25047588348389
59.311991691589355
59.3812198638916
59.45044994354248
59.51969385147095
59.581262826919556
59.650479793548584
59.711989879608154
59.77350878715515
59.835036754608154
59.89659786224365
59.9591269493103
60.02836585044861
60.097601890563965
60.16685175895691
60.236039876937866
60.305314779281616
60.374507904052734
60.443803787231445
60.512998819351196
60.582231760025024
60.65919280052185
60.720855712890625
60.81313681602478
60.88222789764404
60.95145797729492
61.02071785926819
61.09760570526123
61.15918278694153
61.22839593887329
61.289900064468384
61.3514518737793
61.420716762542725
61.48989796638489
61.56686091423035
61.63603186607361
61.705302000045776
61.77451682090759
61.836039781570435
61.90528678894043
61.96683478355408
62.02836871147156
62.097601890563965
62.1591260433197
62.22835993766785
62.2976508140564
62.36686587333679
62.428361892700195
62.48989272117615
62.5591459274292
62.62836670875549
62.697553873062134
62.7668559551239
62.836081743240356
62.89759588241577
62.959181785583496
63.02069401741028
63.08989477157593
63.159130811691284
63.22841191291809
63.29760265350342
63.366851806640625
63.43609595298767
63.497617959976196
63.56689190864563
63.636037826538086
63.6975998878479
63.75914192199707
63.82060790061951
63.889859676361084
63.951398849487305
64.01294088363647
64.08214592933655
64.15138363838196
64.2129008769989
64.28214883804321
64.34372091293335
64.41290068626404
64.4821560382843
64.54364681243896
64.60526990890503
64.6745228767395
64.74365186691284
64.8129448890686
64.88214778900146
64.95144391059875
65.01292181015015
65.07445883750916
65.13599491119385
65.20524477958679
65.27448391914368
65.33598780632019
65.40526676177979
65.47445487976074
65.54370188713074
65.61292481422424
65.68214774131775
65.74364686012268
65.8052179813385
65.88214588165283
65.94365167617798
66.00526165962219
66.07444500923157
66.14360284805298
66.21286988258362
66.28208589553833
66.34360766410828
66.41286087036133
66.48209261894226
66.55133986473083
66.62058687210083
66.68208193778992
66.75131893157959
66.8205738067627
66.88974165916443
66.96665287017822
67.0358989238739
67.1051299571991
67.16665482521057
67.22823286056519
67.28969383239746
67.36669588088989
67.42819571495056
67.48969292640686
67.5589828491211
67.62823390960693
67.69746375083923
67.76665687561035
67.83591985702515
67.90513205528259
67.97440981864929
68.04361081123352
68.11288595199585
68.18207788467407
68.2436637878418
68.30523180961609
68.37445402145386
68.43599581718445
68.49749565124512
68.56677198410034
68.62831783294678
68.69750094413757
68.7667498588562
68.82827067375183
68.89747095108032
68.95898389816284
69.02822279930115
69.09745478630066
69.1589949131012
69.22824192047119
69.29743099212646
69.36662602424622
69.43585205078125
69.4974536895752
69.55897808074951
69.62819290161133
69.68970274925232
69.75123000144958
69.82048797607422
69.8820390701294
69.95129084587097
70.02048373222351
70.08970069885254
70.15121984481812
70.22046780586243
70.28965282440186
70.35890579223633
70.42816376686096
70.5051257610321
70.58966183662415
70.66662192344666
70.72821569442749
70.79736971855164
70.86662769317627
70.93580889701843
71.00510478019714
71.0743339061737
71.14351272583008
71.20510005950928
71.27431774139404
71.34350991249084
71.4127459526062
